0 121719.40 121871.02
1 121719.40 121873.08
2 121719.40 121876.68
3 121719.40 121877.17
4 121414.86 121751.06
5 121414.86 121872.84
6 121414.86 121875.43
7 121414.86 121876.05
8 121414.86 121877.84
9 121414.86 121749.29
10 121414.86 121869.89
11 121414.86 121876.68
12 121414.86 121877.68
13 121414.86 121877.38
14 121414.86 121745.93
15 121414.86 121870.12
16 120306.18 121875.41
17 120306.18 121878.01
18 120306.18 121873.78
19 120306.18 121747.16
20 119687.89 121868.23
21 119687.89 121867.03
22 119687.89 121867.24
23 119687.89 121867.03
24 119418.46 121738.13
25 119418.46 121857.34
26 119418.46 121854.42
27 119418.46 121848.03
28 119418.46 121843.28
29 119418.46 121717.80
30 119210.88 121813.58
31 119210.88 121808.77
32 118936.94 121793.16
33 118936.94 121769.16
34 118936.94 121658.25
35 118936.94 121702.87
36 118936.94 121652.04
37 118936.94 121600.75
38 118936.94 121525.50
39 118890.60 121428.19
40 118890.60 121333.96
41 118725.08 121226.57
42 118725.08 121125.42
43 118725.08 121025.24
44 118725.08 120949.34
45 118725.08 120844.56
46 118725.08 120744.65
47 118725.08 120644.50
48 118725.08 120536.20
49 118725.08 120463.76
50 118725.08 120361.25
51 118725.08 120279.65
52 118725.08 120204.10
53 118725.08 120135.77
54 118725.08 120099.35
55 118725.08 120028.16
56 118725.08 119962.45
57 118725.08 119903.81
58 118725.08 119853.88
59 118562.00 119835.99
60 118562.00 119782.02
61 118562.00 119747.28
62 118562.00 119706.44
63 118562.00 119659.98
64 118562.00 119650.07
65 118562.00 119595.26
66 118562.00 119558.23
67 118562.00 119513.97
68 118562.00 119471.23
69 118562.00 119451.80
70 118562.00 119398.44
71 118562.00 119365.02
72 118562.00 119323.24
73 118562.00 119283.63
74 118562.00 119257.01
75 118562.00 119220.75
76 118562.00 119189.79
77 118562.00 119169.33
78 118562.00 119149.61
79 118562.00 119130.89
80 118562.00 119137.16
81 118562.00 119139.15
82 118562.00 119129.09
83 118562.00 119122.65
84 118562.00 119102.03
85 118562.00 119101.08
86 118562.00 119095.48
87 118562.00 119092.99
88 118562.00 119087.92
89 118562.00 119073.09
90 118562.00 119085.71
91 118562.00 119088.28
92 118562.00 119089.61
93 118562.00 119089.33
94 118562.00 119063.43
95 118562.00 119073.24
96 118562.00 119072.04
97 118562.00 119071.38
98 118562.00 119070.08
99 118562.00 119048.98
100 118562.00 119061.21
101 118562.00 119060.86
102 118562.00 119065.33
103 118562.00 119062.28
104 118562.00 119039.70
105 118562.00 119051.86
106 118562.00 119055.82
107 118562.00 119056.51
108 118562.00 119059.51
109 118562.00 119030.26
110 118562.00 119035.64
111 118562.00 119031.19
112 118562.00 119028.90
113 118562.00 119031.20
114 118562.00 119010.70
115 118562.00 119014.72
116 118562.00 119015.03
117 118562.00 119012.82
118 118562.00 119012.79
119 118562.00 118993.73
120 118562.00 118999.04
121 118562.00 118998.07
122 118562.00 119000.82
123 118562.00 118998.17
124 118562.00 118972.97
125 118562.00 118988.34
126 118562.00 118984.31
127 118562.00 118986.04
128 118562.00 118986.78
129 118562.00 118963.87
130 118562.00 118973.25
131 118562.00 118971.76
132 118562.00 118973.21
133 118562.00 118972.71
134 118562.00 118949.48
135 118562.00 118962.96
136 118562.00 118960.89
137 118562.00 118960.37
138 118562.00 118961.53
139 118562.00 118939.31
140 118562.00 118960.53
141 118562.00 118966.23
142 118562.00 118963.19
143 118562.00 118965.60
144 118562.00 118946.21
145 118562.00 118959.71
146 118562.00 118963.54
147 118562.00 118969.31
148 118562.00 118967.13
149 118562.00 118946.39
150 118562.00 118960.92
151 118562.00 118965.77
152 118562.00 118968.17
153 118562.00 118968.04
154 118562.00 118949.72
155 118562.00 118962.05
156 118562.00 118966.48
157 118562.00 118967.42
158 118562.00 118967.78
